matrix: 
  ┌                                                                                                                                                                                                                                                                                                                                                                                                                                                                                                                                                                                     ┐
  │ -1889383424 -1891197952 -1891201536 -1891346432 -1895196416 -1952818944 -1967663616 -1967740928 -1967778048 -1967778304 -1996657152 -1996892672 -1996968448 -1996972032 -1997007360 -1996978688 -1996968448 -1996908288 -1996668416 -1996656384 -1996656384 -1996653568 -1996663808 -1996663808 -1996739328 -1996683008 -1996683264 -1996901632 -1997811968 -1997814016 -1968809984 -1953403392 -1952725504 -1894959616 -1891332352 -1891305728 -1889329152 -1889329408 -1889278464 -1888825088 -1888825856 -1888825856 -1888813824 -1887858176 -1887856896 -1887623168 -1887621376 │
  │ -1889384704 -1891190016 -1891204352 -1891346432 -1895196672 -1953272320 -1967742208 -1967892480 -1996660480 -1996968448 -1997007360 -1998364416 -2000241664 -2000185088 -2000169472 -1998371328 -1997879040 -1996971776 -1996683008 -1996667392 -1996667392 -1996668416 -1996668416 -1996724736 -1996724736 -1996683008 -1996970240 -1996913152 -1997811968 -1997815808 -1997803008 -1967808768 -1952798976 -1952486656 -1894959360 -1891307520 -1889449728 -1889331200 -1889329408 -1889280000 -1889278208 -1889278208 -1888828160 -1888818688 -1888818688 -1888813824 -1887856896 │
  │ -1889375488 -1891190016 -1894800384 -1891346432 -1895196672 -1953275136 -1967750144 -1996660480 -1996968448 -1997907712 -1998386944 -2000248320 -2000369408 -2000368384 -2000389376 -2000191232 -2000176896 -1997913856 -1997910528 -1996999680 -1996942592 -1996912128 -1996968448 -1996683008 -1996683008 -1996964352 -1996970752 -1997910528 -1997920000 -1997842432 -1969039360 -1967843328 -1952833536 -1952723968 -1894962176 -1891340288 -1891252224 -1891134976 -1889327104 -1889321728 -1888857600 -1888857600 -1888857600 -1888828160 -1888828160 -1888818688 -1887858688 │
  │ -1889383424 -1891201536 -1894913792 -1894948608 -1895267328 -1967679232 -1996657152 -1996968448 -1998356992 -1998386944 -2000248576 -2000369408 -2003996416 -2003993600 -2000368384 -2000187904 -2000187904 -2000187904 -2000161280 -1997913856 -1997899520 -1996970752 -1996971776 -1996971776 -1997907712 -2000240896 -2000284672 -2004252672 -2000649472 -2000181760 -1997842688 -1967903232 -1967790080 -1952816640 -1895190528 -1891340288 -1891308544 -1891134976 -1889327104 -1889321728 -1888857600 -1889321728 -1889321728 -1888857600 -1888828160 -1888818688 -1888813824 │
  │ -1891182848 -1894800896 -1894957056 -1895196416 -1953272320 -1967778304 -1996968448 -1998359296 -2000185088 -2000369408 -2003993088 -2004000000 -2004007936 -2000404224 -2000389888 -2000187904 -2000187904 -2000176896 -2000161280 -1997913856 -1997899520 -1997906944 -1998356992 -1998362624 -2000283648 -2004345344 -2127123200 -2127503872 -2126603008 -2000181248 -1996943360 -1968137984 -1967829760 -1967655936 -1895202816 -1891347456 -1891310336 -1891304192 -1889336064 -1889325312 -1889321728 -1889326592 -1889327104 -1889325312 -1888857600 -1888828160 -1888818688 │
  │ -1891202304 -1894941440 -1895252224 -1895267328 -1967679232 -1996660480 -1997906944 -2000275968 -2000404224 -2004225536 -2004243712 -2004251136 -2004253440 -2000647424 -2000393216 -2000275968 -2000187904 -2000161280 -1997910528 -1997000704 -1996999424 -1997007872 -2000162048 -2000273664 -2004349440 -2127164160   323481600   323462912 -2126607616 -2000179968 -1996932608 -1996903168 -1968113664 -1967683584 -1895288832 -1895186688 -1891336704 -1891191808 -1891131904 -1889312768 -1889311232 -1891131904 -1891134976 -1889327104 -1889325312 -1888856320 -1888825856 │
  │ -1891202304 -1894945280 -1895256576 -1953272320 -1967742720 -1996906752 -2000162304 -2000404224 -2004339200 -2011545600 -2126581248 -2011479296 -2011464960 -2004245504 -2000628736 -2004224512 -2000275968 -1997910528 -1996911104 -1996900096 -1996997120 -1997911808 -2000162560 -2000259584 -2127052544   323472640   319398912   326646784 -2004344320 -2000218880 -1996932864 -1968156160 -1968126720 -1967718144 -1967653376 -1952809216 -1894947840 -1891344640 -1891196416 -1891132928 -1891191552 -1891191808 -1891304192 -1891134976 -1889327104 -1888857600 -1888825856 │
  │ -1891203072 -1894833152 -1895200512 -1967653376 -1967768064 -1996889344 -2000209152 -2000633088 -2004285696 -2126608128 -2126608128 -2004285696 -2004285696 -2004272640 -2004229120 -2004240128 -2000389888 -1997910528 -1996911104 -1996884224 -1996897280 -1996943872 -1999705600 -2000517888   326841344   323145216   323374080 -2127373312 -2004256768 -2000446976 -1998745088 -1968117248 -1968126720 -1996884736 -1967772160 -1967682048 -1967656448 -1953272320 -1895259392 -1894948608 -1891346432 -1891344640 -1891196416 -1891191808 -1889327104 -1889321728 -1888828416 │
  │ -1894798336 -1894945536 -1895285248 -1967653376 -1967768064 -1996997120 -2000392960 -2126593280 -2127088896 -2127270656 -2127438336 -2126635264 -2126522368 -2004287488 -2004286976 -2004339712 -2004239104 -2000187904 -1996914432 -1967770624 -1967771392 -1967775232 -2000622848   326713344   319369216   323148800   326830080 -2119384832 -2000517376 -2000198912 -1998744832 -1968124928 -1968117248 -1968007680 -1967772160 -1967894784 -1967771136 -1967742720 -1953275648 -1895259392 -1894945280 -1891346432 -1891344640 -1891308800 -1891133696 -1889321728 -1888857600 │
  │ -1894837248 -1895181056 -1895233024 -1967656704 -1968007680 -1997011968 -2004243200 -2127499264   326740992 -2127525888 -2127445504 -2127205120 -2126635776 -2126579712 -2126577920 -2011476480 -2004243968 -2000191232 -1996911104 -1952810752 -1895299584 -1996940544 -2127383552   319362048   304910336   324354304   326860544 -2119382272 -2000490240 -2000196864 -1998801664 -1968124672 -1968004608 -1967772160 -1967712000 -1967772160 -1967778816 -1967778304 -1967739392 -1953275648 -1895256576 -1895180800 -1891346432 -1891308800 -1891133696 -1889325312 -1888843520 │
  │ -1894954752 -1895181056 -1895233024 -1967667712 -1996885760 -2000174080 -2126586880   323925760   323782144   325810432 -2127516672 -2127431168 -2126642432 -2126607616 -2126579712 -2011476480 -2000403200 -1997910528 -1967655168 -1891224320 -1895185920 -2000288000   323232256   319303680   319415040   324300288   324509952   326850560 -2119835136 -2004151552 -1999358976 -1996811776 -1968005888 -1967751680 -1967666944 -1967768832 -1967769088 -1967778304 -1967742720 -1967739392 -1967679232 -1952817408 -1894948096 -1891309312 -1891133696 -1889327104 -1889293056 │
  │ -1895236096 -1895185920 -1895285248 -1967656704 -1996896768 -2000277248 -2127097856   323289600   323289600   325795840 -2127547648 -2127445248 -2127205120 -2126607616 -2126588928 -2011465472 -2000190208 -1967898368 -1891576576 -1891122176 -1967664896 -2127109632   304448000   319291392   324273664   324515840   326793216   326793216   326777344 -2119915520 -2004102144 -1996881920 -1996754688 -1910201344 -1910130688 -1967725056 -1967725056 -1967739392 -1967742720 -1967742720 -1967778304 -1967679232 -1895256576 -1891347712 -1891133696 -1889327104 -1889293056 │
  │ -1895236096 -1895256832 -1895233024 -1967667712 -1996912384 -2004222464 -2127525376   322966016   322995200   325795840 -2127555328 -2127502336 -2127205120 -2126586880 -2004287488 -2000631552 -1997001472 -1910136320 -1891186944 -1895123456 -2002929920   319802624   275289088   318899968   320844544   334257408 -2004715264 -2003757568 -2119898368 -2004665088 -2003874048 -1997327360 -1996762368 -1910210304 -1895741952 -1895729664 -1895744512 -1953273856 -1967663872 -1967712000 -1967770624 -1967891200 -1953268736 -1894948352 -1891134976 -1889327104 -1889293056 │
  │ -1895237888 -1895200000 -1895288576 -1967683328 -1996997120 -2004252416   323926528   319358464   319370240   325795840 -2128454400 -2127516672 -2127205120 -2126577920 -2004284416 -2000446976 -1968000768 -1895289600 -1891186944 -1895745280 -2004859904   318838272   275612672   320604672   333785088 -2004715264 -2003010304 -2002804480 -1999319808 -1999319552 -1997451520 -1996827648 -1996535808 -1910210304 -1895729152 -1895235840 -1895250176 -1895296256 -1967668736 -1967783424 -1967771648 -1967771648 -1953275648 -1894948352 -1891134976 -1889321728 -1888857600 │
  │ -1895256576 -1895293440 -1895750144 -1967768064 -1997004032 -2004340480   323348224   319356928   319370240   325810432 -2128454400 -2127502336 -2126636032 -2119329280 -2000630528 -1998801664 -1895213824 -1891177472 -1894781184 -1938972160   326339072   275555840   318934272   333488896 -2003784192 -2002790656 -1939764480 -1939737344 -1939307776 -1997279744 -1996824832 -1939069440 -1939069184 -1938970624 -1895735552 -1895236864 -1895237632 -1895239680 -1967726080 -1996890624 -1967742720 -1967778304 -1953272320 -1894957824 -1891133696 -1888857600 -1888828160 │
  │ -1895267328 -1953273600 -1967663360 -1967896320 -2000159744 -2126586112   323294208   319356928   322966016   326710784 -2127545600 -2127431168 -2126521344 -2000659968 -1999742464 -1996774656 -1891220992 -1887909376 -1888483072 -1997053952   322454784   275088896   320084992   333940224 -2003337216 -1943421696 -1939363840 -1938885120 -1938843904 -1938957056 -1938948608 -1938948608 -1938963968 -1938978048 -1924569856 -1895709440 -1894899456 -1894898176 -1895744512 -1967776000 -1996656896 -1967778304 -1953268736 -1894943488 -1889336064 -1888857600 -1888824064 │
  │ -1895295488 -1967661568 -1967725056 -1996885760 -2000173568 -2127038464   323232768   319357952   322966016   326706688 -2127502336 -2127205120 -2000680192 -2000220928 -1996918528 -1967751424 -1891214592 -1888360448 -1892063488 -1997061376   322003712   289481216   322124032   449497344 -2001507840 -1943182592 -1939366656 -1924498432 -1924435200 -1924457216 -1895651072 -1895657728 -1924452352 -1924568320 -1924535040 -1895765760 -1894879232 -1894783232 -1894842368 -1967662848 -1996893952 -1996658432 -1953275648 -1894948352 -1891133696 -1888858112 -1888828160 │
  │ -1895295488 -1967661568 -1967725056 -1996882432 -2000173568 -2127040256   323007488   319358464   322966016   325804288 -2127545600 -2126635776 -2000565760 -1997012736 -1967783680 -1895727616 -1894790144 -1892146176 -1894411520 -2000719104   322152448   291256064   330161408   450870784 -1943248384 -1943038976 -1925051648 -1925025024 -1924966912 -1924959744 -1924959744 -1924930816 -1924930560 -1924493824 -1924424960 -1924190464 -1895306496 -1892988928 -1894784256 -1895695360 -1996951296 -1996951296 -1967679232 -1895196928 -1891309056 -1891133696 -1889325312 │
  │ -1895295488 -1895297024 -1953273856 -1967775488 -1999709440 -2011543296   323294208   319358464   322966016   325804288 -2127516672 -2126614016 -2000440576 -1996923392 -1967753984 -1894813696 -1893879808 -1895364096 -1924259584 -2001634816   322116096   322130432   450632704 -1943213056 -1924038144 -1924023808 -1924025600 -1923572992 -1924024832 -1924931328 -1924959488 -1924959744 -1924931328 -1924475392 -1924171776 -1895402752 -1892604672 -1893044480 -1888485376 -1894898944 -1996665088 -1996976896 -1967742976 -1952789248 -1894957824 -1891309056 -1889393664 │
  │ -1895259904 -1895297024 -1967661568 -1967771392 -1997011968 -2004340480   323331072   322966016   323002880   326706688 -2127440640 -2126585856 -2000440832 -1996923392 -1967666944 -1890282752 -1892060160 -1895428864 -1939484160   449507328   291301120   330063616 -1944012800 -1923777536 -1885298176 -1885297152 -1892525312 -1885304320 -1885306368 -1923186176 -1923784448 -1924031744 -1924094208 -1923800832 -1923335424 -1894466560 -1894408448 -1892144640 -1892078848 -1894786816 -1996496640 -1997442560 -1996544512 -1953273856 -1895180800 -1891346432 -1891196416 │
  │ -1895296256 -1895297024 -1967661568 -1967769088 -1997012480 -2004351488   323330048   322999296   323064320 -2127556608 -2127431168 -2126585600 -2000621824 -1996981248 -1910145024 -1888467456 -1892060928 -1895429888 -1943193856   330163712   290813184   448973056 -1928628224 -1892525312 -1884984832 -1885304320 -1923635200 -1927798784 -1943550976 -1943650816 -1943654912 -1943542016 -1928640256 -1924088832 -1923298048 -1892439040 -1894393344 -1893933568 -1892065024 -1893876992 -1996494592 -1997412096 -1996554240 -1967720704 -1895257600 -1894955776 -1891203840 │
  │ -1895744000 -1895746304 -1967661568 -1967776256 -1997005312 -2004236800   325739520   323232768   323748352 -2127547648 -2126642432 -2126585600 -2000630528 -1997445376 -1910201088 -1888453888 -1892058368 -1924416768 -2001476352   322161920   290810624   450183424 -1928598272 -1923635968 -1943556864   450347008   445719808   299987968   287266048   287275776   300581632   445742080   507884800 -1943078400 -1924074752 -1892546048 -1894459136 -1894272000 -1893867776 -1893747712 -1895737088 -1996841216 -1996617984 -1967734272 -1895265536 -1895237888 -1891201280 │
  │ -1895744000 -1895746304 -1953273856 -1967740672 -1996897792 -2000274432 -2127157760   323301888   323760640 -2127516672 -2126636032 -2126590976 -2004262400 -1999330048 -1910201856 -1888321536 -1891914752 -1924402432   450867200   291475712   290914816   446181632   450354176   450233088   329646848   287246336   286949888   287208704   286522880    41811712   286508800   298114560   300667392   450291712   510161408 -1927727616 -1923781120 -1894342400 -1893967616 -1893745664 -1893912320 -1910185216 -1996539648 -1967729408 -1895264512 -1894830080 -1891172864 │
  │ -1895744000 -1895746304 -1953272064 -1967665152 -1996883456 -2000173568 -2126586880   323782144   323977728 -2127445248 -2126628096 -2126590976 -2119329280 -2003867904 -1910201856 -1888321536 -1891945728 -1924402432   449953280   290800640   290511360   300532224   300538624   287259648   286806784   286271488   286291200   287196160   286747904    56310784   286398976   294388224   298105088   329706240   329707264   510203648 -1928630528 -1923258368 -1894656512 -1893752064 -1888287744 -1895110912 -1967720192 -1967720448 -1895715840 -1894829312 -1889318656 │
  │ -1895265536 -1895296768 -1953272064 -1967665152 -1996883456 -2000159744 -2004337152   326740480   325797632 -2127499264 -2126642432 -2126593792 -2119387904 -2004117760 -1967726336 -1892074752 -1892036864 -1924487424   448940032   286864384   286843648   299980544   300131072    56183808    40324096    41683456    41223424    41224192    41168640    41244416    41733120   286453248   294498048   300587264   298120704   446170880   510205440 -1924069632 -1923499776 -1893796864 -1888230912 -1894887936 -1895709696 -1895755264 -1895239680 -1891201280 -1888418304 │
  │ -1895715840 -1895746304 -1953272064 -1967725056 -1996883456 -1998361344 -2004222464 -2127095808 -2127525888 -2127525888 -2127441664 -2127098624 -2119387904 -2003884032 -1967762944 -1894843648 -1888081664 -1924488192   330270720   271551232   286356736   300581376   301836288   294431488    41742336    40040704    39998208    41242880    41282816    41850112    56317696   293643776   294387712   294487296   287263232   300423424   446179840 -1943479808 -1923612160 -1893805056 -1888224000 -1895593216 -1938967552 -1895753728 -1894841856 -1891176192 -1888414464 │
  │ -1895744000 -1895746304 -1967661568 -1967740672 -1996658688 -1997462016 -2000284416 -2011543296 -2127506176   325797632   326710784 -2127383552 -2119387904 -2003882240 -1996550400 -1895337472 -1887966976 -1924431104   330183680   271494144   271849216   298114048   301844224   296426752    56315904    41172224    56240896   294102528   293891072    56314112   293655552   293648640   286414080   286522880   287206144   287021568   298169088   450311424 -1939436544 -1894269184 -1888232192 -1939071232 -1997508608 -1996551424 -1894842112 -1890273792 -1888419072 │
  │ -1895716352 -1953280256 -1967721728 -1967777280 -1996891648 -1997008640 -2000232448 -2004309504 -2127271936   323926528   323925760 -2127510784 -2004284928 -2000229632 -1996836096 -1895761152 -1888077568 -1924424448   330186240   271579904    40549120    41800704   294442752   296369152   293647104   416950016   511495936   510761728   297379584    41175040    41865216    63545344   293647360   294430976   294488576   286344704   287254528   450307840 -1939439360 -1894269184 -1888325120 -1938949376 -1997526784 -1996836096 -1895123456 -1890273792 -1888419584 │
  │ -1895726848 -1953282048 -1967721728 -1996538368 -1996893440 -1997008640 -2000230912 -2004230400 -2127066880   325740032   323804416   326702848 -2127042816 -2003886336 -1997413120 -1982173952 -1892144640 -1924429312   330290432   286860032    39942656    40020992    56243456   293986560   296369152   509794560 -1918170112   510698240    41865728    34050048    37351936    56261888   294437120   300031488   299911936   286377216   286835968   330291200 -1943476736 -1892007936 -1888351744 -1895564544 -1996844800 -1996532736 -1895123456 -1891186944 -1891174400 │
  │ -1953335296 -1953339648 -1967729664 -1996541696 -1996891648 -1996969984 -1998362624 -2000246784 -2011543296   326733056   323351808   325717248 -2127278336 -2004064256 -1997528576 -1997073152 -1895428608 -1924517376   333863424   290457856    40055040    36386304    41278720    56251648    63777792   293981952    63777792    41180160    34074624    35874048    36328704    41851392   293993728   300378880   300068352   286949888   270985984   298684672 -2003371008 -1893802496 -1893760256 -1894440704 -1997297664 -1996848896 -1895729408 -1894813440 -1894813440 │
  │ -1953348352 -1967729664 -1967744768 -1996541696 -1996665856 -1996969728 -1998362368 -2000232448 -2004229376 -2127271680   323916288   323330560   326759424 -2004805888 -2003831552 -1997482752 -1924650240 -1924629760   450424576   290472960    38048768    34387456    37562112    41274112    56232192    41187328    34051584     4826112    33989632    37265408    36338176    55780608   293950976   300086272   300036864   286949376   270942976   290514944   450831616 -1894260736 -1893974016 -1895605760 -1996826880 -1997298432 -1910198016 -1895124736 -1895121408 │
  │ -1953349632 -1967744768 -1996538368 -1996541952 -1996665856 -1996954112 -1997008640 -2000170752 -2000277248 -2127042816   325739264   323322880   326701568 -2012060416 -2003946496 -2001105920 -1997029120 -1924488192 -1943477504   291150336    34189312    34373632    37560576    41217280    41217280    37564160    36337664    33857536    35877120    41329152    37596416    56236032   293873664   294450944   296313088   286921216   271913472   276099840 -2003662336 -1894538496 -1895609856 -1910063360 -1938972416 -1996530688 -1895756032 -1895121408 -1895730944 │
  │ -1996505856 -1996538368 -1996538368 -1996541952 -1996665600 -1996893952 -1997007616 -2000160256 -2000174080 -2004337152   326731008   323293696   325738752   327149312 -2004754432 -2002939904 -1997366016 -1924429824 -1939415040   327463168    39937792    34451456    41228288    41850624    56240128    41274624    36432640    35741952    41177600   294097408    56577280    56290816   293871872   293942528   294400512   286787840   271951616   290552064 -2003649792 -1894751488 -1938840320 -1938989312 -1996531456 -1938971648 -1895730944 -1895121408 -1910194688 │
  │ -1996492800 -1996539392 -1996538368 -1996541952 -1996665600 -1996893952 -1997000448 -2000159232 -2000174080 -2004222976 -2127157760   323916288   325717248   327147520 -2004865536 -2003939328 -2001117952 -1939478784 -1939468800   329954816   271844864    34448896    40042240    41737472    56360192   286448384    41187072    36314624    56236800   301238528   295903744    63774720   293874688   286739712   286748416   286788864   272416512   291399424 -2003351808 -1937916928 -1938840832 -1938989312 -1939007744 -1910203392 -1895757824 -1895757824 -1910209024 │
  │ -1967734528 -1996524032 -1996539904 -1996541952 -1996665600 -1996893952 -1997005056 -1997459712 -2000163584 -2000275200 -2004238080 -2127078656   326663168   327036160 -2119910912 -2004646656 -2003041024 -1997388288 -1939748352 -2003806464   291145984    38088704    39845888    41235456    56191744    56328192    41265920    40270592    56330496   296241920   293991168   293876480   293876736   286512384   286520576   286846208   290624768   329833728 -2003333376 -1938913280 -1938844160 -1938958336 -1938951936 -1895805696 -1895624704 -1910188544 -1939007744 │
  │ -1967734528 -1996524032 -1996539904 -1996541952 -1996665600 -1996893952 -1997005056 -1997459712 -2000163584 -2000201984 -2000279552 -2004328448   326870784   326796032 -2119919872 -2004845312 -2004620800 -2002953728 -1939854592 -2002893312   327540224   270711552    39859200    40082688    41724928    56116224    41735680    56116992   293877248   295791616   293983488   293908224   293933056   286521856   286520576   287015424   290943744   333895680 -2001057536 -1939392768 -1938958080 -1938961920 -1938962944 -1895805952 -1895796992 -1910188544 -1938970624 │
  │ -1996524032 -1996524032 -1996539904 -1996541952 -1996665600 -1996893952 -1997005056 -1997459712 -1999264256 -2000172032 -2000259584 -2004115456 -2119851776   334311936 -2119903744 -2119904512 -2004730112 -2003716352 -2002786304 -2002881536   333857536   290457856    40468992    39944192    40315904    41726720    56124928    56183552    56343808   286681856   293876992   293936128   293928960   286747904   294401536   290881024   300511488   449933824 -2001053440 -1939583488 -1939030016 -1939021568 -1938963968 -1910189312 -1895796992 -1910188544 -1938965504 │
  │ -1967734528 -1996524032 -1996524032 -1996541952 -1996665600 -1996893952 -1997005056 -1997459712 -1999260160 -2000172032 -2000201984 -2004107520 -2119379456 -2119922688 -2119922176   334342912 -2004858624 -2004659968 -2003134976 -2002907904   450392320   327479808   272486912    40605952    40430336    40795904    41782784    41809152    56304640    56310784   286428416   286450688   286478848   286971136   298064640   300443392   329741568   450765824 -2001057280 -1939812352 -1939526144 -1939526144 -1939070208 -1910189312 -1895796992 -1910188544 -1910204160 │
  │ -1967734528 -1967734528 -1996524032 -1996541952 -1996665600 -1996893952 -1997005056 -1997461504 -1999264256 -2000201984 -2000275200 -2000489984 -2004320512 -2119922176 -2119896832   327056640   334301696 -2119787008 -2003712512 -2003586048   450606592   334799360   298595840   271971328   270944256    41759232    41759232   271850240   271900416   272012800   286400768   272020224   286460416   286975744   298180096   329732352   449859840   450837248 -2002855424 -1939828992 -1939529472 -1939754496 -1996824832 -1910190080 -1895796992 -1910188544 -1895800576 │
  │ -1967726336 -1967726336 -1967761920 -1967779584 -1996658432 -1996893952 -1996997888 -1997009408 -2000163584 -2000201984 -2000275200 -2000489984 -2000516352 -2119377920 -2119830272   327116800   326820352   334314752 -2004720384 -2003747328 -2003706112   335320320   327545600   290657280   272495616   272473856   271018752   270954240   271852800   271858688   271858688   271967488   290651904   329488640   329397760   331200256   450533120 -2003399424 -2001044224 -1939830784 -1997287680 -1997275904 -1996824832 -1938969344 -1910198528 -1910124544 -1895732480 │
  │ -1967723008 -1967723008 -1967726336 -1967779584 -1996658432 -1996890624 -1996982784 -1997009408 -2000163584 -2000201984 -2000286208 -2000489984 -2000497664 -2004155648 -2119384320 -2119954432   326884608   334299392   334472192 -2004720384 -2003771136   450458368   330261504   298689792   291393024   291396864   298625024   298586880   290640128   287041280   290642432   298636544   329730048   450012416   450070272   450081792   450829568 -2003316480 -1943457024 -1939829760 -1997377536 -1997319424 -1996824832 -1938969344 -1910198528 -1910124544 -1895615488 │
  │ -1967724288 -1967724288 -1967759872 -1967777536 -1996544768 -1996777984 -1996923392 -1996998400 -1999264256 -2000174848 -2000286208 -2000273408 -2000516352 -2004141312 -2004325632 -2119837952 -2119952640   326893056   334301184   334331648 -2003824384 -2003362816   450488320   333863680   329940992   329948160   334804992   449927680   331201280   446260992   450004736   450329600   508402688 -1944058624 -2003385600   450710784   450717696 -2002876416 -2000978688 -1997383680 -1997404160 -1997391616 -1996822016 -1938999552 -1910185472 -1910122752 -1895134208 │
  │ -1967751936 -1967756800 -1967756800 -1967772928 -1967781376 -1996544768 -1996883712 -1996926720 -1997001472 -1999264256 -2000201984 -2000263936 -2000497664 -2000502016 -2004141312 -2004208896 -2119378432 -2119944960   334074880   334076416   334466816 -2003821568 -2003775744   450393856   333858560   333842688   450367232   450833152   450768128   450843904   450874624 -1945855488 -1945831936 -1943983104   450494208   449472512 -2003793152 -2002898432 -1997389568 -1999187456 -1999200768 -1997333248 -1996820992 -1939003648 -1910230272 -1910113792 -1895125248 │
  │ -1967699456 -1967699456 -1967699456 -1967701504 -1967772416 -1967783680 -1996769792 -1996923392 -1996930560 -1998800384 -2000163584 -2000257536 -2000489728 -2000495616 -2004098048 -2004098048 -2004155648 -2119377920 -2119936512   334082304   334025984   334366208 -2003825920 -2003805696   333936640   333625856   334416128   450602496 -2003419136 -2003404800 -2003412224 -2003411200 -2003404800 -2003426048   334428928   333919232   449539328 -2003014144 -1999205632 -1999205632 -1999194880 -1997314560 -1996820992 -1939004160 -1910230784 -1910112768 -1895068928 │
  │ -1967699456 -1967699456 -1967699456 -1967701504 -1967772416 -1967783680 -1996769792 -1996923392 -1996930560 -1997009408 -2000163584 -2000192768 -2000257280 -2000487680 -2000495616 -2000502016 -2004098048 -2004155648 -2119265280 -2119946496   334090240   334431232 -2003745280 -2003626496 -2118855168   334392832   335380480 -2118855168 -2003684608 -2003577856 -2003350016 -2003582464 -2003685120 -2118870784   333543936   333975296 -2119700992 -1999569408 -1998710016 -1998681856 -1998679808 -1998653952 -1996765184 -1910243072 -1910230784 -1910112768 -1895068928 │
  │ -1967699456 -1967701248 -1967701248 -1967701504 -1967772416 -1967783680 -1996769792 -1996923392 -1996930560 -1997009408 -1998810880 -1999293696 -2000257280 -1999363072 -2000495616 -2000495616 -2000502016 -2004149248 -2004153600 -2119265024 -2119784448 -2119769344 -2118807296 -2118848000 -2118869248   335388928   334452992   334390528   335324160   335405568   450459904   450456064   335324416   334142976   324456192   324529920 -2118351360 -1999166720 -1998655232 -1998652416 -1998653952 -1996796928 -1996763392 -1910243072 -1910230784 -1910112768 -1895068928 │
  │ -1967699456 -1967701504 -1967701504 -1967772416 -1967780864 -1967783680 -1996883712 -1996923392 -1996930560 -1997009408 -1998810880 -1999264768 -1999301632 -1999363072 -2000495616 -2000502016 -2004098048 -2004149248 -2004148992 -2004210432 -2004202240 -2003189760 -2119705344 -2119776256 -2003759360 -2003734272   334462720   334022656   333536256   334142208   334392832   334394624   334024448   331723520   320810496   324950528 -2118343168 -1998714880 -1998598656 -1998598656 -1998653952 -1996785408 -1996759808 -1910243072 -1910230272 -1910114560 -1895126016 │
  │ -1967699456 -1967701504 -1967701504 -1967772416 -1967783680 -1996769792 -1996886784 -1996923392 -1996930560 -1997009408 -1997012736 -1998814464 -1999293696 -1999305984 -2000487680 -2000488448 -2000502784 -2004142080 -2004148992 -2004154112 -2119248128 -2004195072 -2119710976 -2119798272 -2118799360 -2118798592 -2119805696   333524224   324454912   333457920   333572096   334027008   333528320   324524032   320470784   324948736 -2118283264 -1998701824 -1941064192 -1910504960 -1996785408 -1939261952 -1939230208 -1910242560 -1910199296 -1910115584 -1895164160 │
  │ -1967699456 -1967701504 -1967701504 -1967772416 -1967783680 -1996769792 -1996886784 -1996923392 -1996930560 -1997009408 -1997012736 -1998814464 -1999293696 -1999305984 -2000488448 -2000493824 -2000545536 -2004141056 -2004140800 -2004153088 -2119255296 -2119252992 -2119756544 -2119812096 -2119730688 -2119730688 -2119816704   333987072   324439296   324438016   324466432   333517824   333522432   324504320   324291840   324982016 -2003237888 -1998672128 -1968022272 -1910463232 -1910469120 -1910458112 -1910240256 -1910237184 -1910198528 -1895740416 -1895732480 │
  │ -1967699456 -1967701248 -1967701504 -1967772416 -1967783680 -1996769792 -1996886784 -1996923392 -1996926720 -1996930560 -1997009408 -1998808064 -1999262720 -1999305984 -2000488448 -2000522496 -2000545536 -2004147456 -2004147456 -2004156416 -2119257344 -2119268608 -2119756800 -2119938816 -2119753984 -2119703808 -2119725824 -2120163584   326785280   324508416   324508416   326335488   326330112   324502272   324299520   326847232 -1999629568 -1998589184 -1910460928 -1910385152 -1910386176 -1910160128 -1910227712 -1910199040 -1910122752 -1895740416 -1895732480 │
  │ -1967694592 -1967696640 -1967696640 -1967701504 -1967772416 -1967783680 -1996769792 -1996886784 -1996926720 -1996930560 -1997009408 -1998808064 -1999262720 -1999291648 -2000486656 -2000522496 -2000545536 -2004147456 -2004147456 -2119369472 -2119257344 -2119268608 -2119869184 -2119938816 -2119813888 -2119699200 -2119704064 -2119813888   334098432   326813952   326328320   326330112   326813952   326329344   324304640   334049792 -1999599872 -1968026880 -1910385152 -1910385152 -1910160128 -1910145280 -1910117888 -1910121472 -1895732480 -1895732480 -1895732480 │
  │ -1967694592 -1967687168 -1967696640 -1967701504 -1967772416 -1967783680 -1996769792 -1996769792 -1996923392 -1996926720 -1996930560 -1997009152 -1998812416 -1999248384 -1999306752 -2000487424 -2000529920 -2004147456 -2004155392 -2119312640 -2119382272 -2119270400 -2119869184 -2119818752 -2119757568 -2119718656 -2119704064 -2119699200 -2119793664   334075904   326336000   326786560   334014208   334070528   326778880 -2120185088 -1999514880 -1910463232 -1909696256 -1909695232 -1910147328 -1909666048 -1909662976 -1895731968 -1895615488 -1895732480 -1895732480 │
  │ -1910164992 -1967687168 -1967696640 -1967701504 -1967772416 -1967783680 -1996769792 -1996769792 -1996923392 -1996926720 -1996930560 -1997009152 -1998812416 -1999291648 -1999363072 -2000487424 -2000530944 -2004147456 -2004155392 -2119374848 -2119411200 -2119860736 -2119871232 -2119757824 -2119757824 -2119756800 -2119756032 -2119718656 -2119784960   334324224   326880000   326822912   334074880 -2119954688   334082048 -2119864064 -1998671104 -1909694976 -1895079424 -1895079424 -1895096576 -1895102464 -1895161088 -1895169536 -1895615488 -1895615488 -1895615488 │
  │ -1910164992 -1967687168 -1967687168 -1967696640 -1967701504 -1967783680 -1967783680 -1996769792 -1996923392 -1996926720 -1996930560 -1997009152 -1999258368 -1999291648 -1999363072 -2000491008 -2000545536 -2004155392 -2119313152 -2119383808 -2119412992 -2119862528 -2119871488 -2119869184 -2119869184 -2119869184 -2119749120 -2119749120 -2119720960 -2119929856   326893056   326889728 -2127148800 -2119842304 -2119839744 -2004098048 -1967982080 -1895088384 -1891434752 -1891434752 -1891434752 -1891450880 -1895156992 -1895164160 -1895165184 -1895615488 -1895165184 │
  │ -1910164992 -1967687168 -1967687168 -1967696640 -1967701504 -1967780864 -1967783680 -1996769792 -1996883712 -1996923392 -1996930560 -1997009152 -1998807808 -1999248384 -1999304960 -2000434432 -2000530176 -2004145664 -2119204352 -2119411200 -2119863296 -2119864064 -2119861760 -2119861760 -2119869184 -2119869184 -2119871232 -2119885568 -2119857408 -2119952896   327116544   326875392   326891008 -2119917568 -2004179200 -1996992768 -1910130432 -1891217920 -1890250240 -1891205888 -1891214336 -1891446016 -1895065344 -1895124736 -1895698688 -1895727872 -1895124736 │
  │ -1910164992 -1967687168 -1967687168 -1967696640 -1967701504 -1967780864 -1967783680 -1967783680 -1996769792 -1996769792 -1996894720 -1996984320 -1998807808 -1999248384 -1999291648 -1999305728 -2000492032 -2004126720 -2119197696 -2119261184 -2119411200 -2119864064 -2119869184 -2119869184 -2119869184 -2119749120 -2119832320 -2119384320 -2119831040 -2119857664 -2127144960   326662144   326653184   327114752 -2000270848 -1910201344 -1895056640 -1890278400 -1890278400 -1891206400 -1891214336 -1894816768 -1894840064 -1895132160 -1895133184 -1895124992 -1894840320 │
  │ -1909683712 -1909685760 -1967658240 -1967687168 -1967687168 -1967696640 -1967696640 -1967696640 -1967772928 -1967783680 -1996883712 -1996930304 -1998807808 -1998798080 -1998798848 -1999291136 -1999530752 -2000520448 -2004126720 -2004153344 -2119261184 -2119412992 -2120107264 -2120107264 -2119863296 -2119381760 -2119373056 -2004269824 -2004254976 -2004238080 -2127042816   325745664   325717248   327103488 -1998362368 -1895182080 -1891179008 -1888418304 -1891172864 -1891174656 -1891174400 -1894783744 -1894813440 -1894838528 -1894840320 -1895066112 -1891231744 │
  │ -1910129664 -1910131712 -1967658240 -1967658240 -1967687168 -1967687168 -1967687168 -1967687168 -1967696640 -1967780864 -1996769792 -1996915968 -1996987648 -1998791680 -1998795264 -1998840576 -1999296256 -1999535360 -2000528384 -2004145408 -2119204096 -2119402752 -2119417088 -2119863296 -2119863296 -2119382016 -2004155136 -2000547328 -2000201984 -1998800384 -2000273920 -2004351488 -2127036928 -2000289280 -1967776256 -1891233536 -1889317888 -1889318656 -1891174656 -1891176448 -1891179776 -1894826240 -1894812672 -1894831360 -1895066368 -1894834176 -1891235840 │
  │ -1909664256 -1909679616 -1909681408 -1910131712 -1910131712 -1967658240 -1967658240 -1967658240 -1967696640 -1967772416 -1967783680 -1996774656 -1996803584 -1996815616 -1996872704 -1998785280 -1998823936 -1999282176 -1999535360 -2000528384 -2004131328 -2119197696 -2119374080 -2119412992 -2119411200 -2119197696 -2000529920 -2000433152 -1998810880 -1967772928 -1967768064 -1996896768 -1996912384 -1967769088 -1895257856 -1891194624 -1891119104 -1891176448 -1891183616 -1894798336 -1891230208 -1891232512 -1891566848 -1895170816 -1895173888 -1895173888 -1891575296 │
  │ -1895284480 -1895298816 -1909681408 -1909681408 -1910131712 -1910131712 -1910131712 -1967658240 -1967696640 -1967701504 -1967998464 -1996768256 -1968010752 -1996801536 -1996809216 -1996927744 -1998787072 -1998825472 -1999303680 -1999592448 -2000527616 -2000528384 -2004145408 -2119204096 -2119256832 -2004126720 -2000434432 -2000192256 -1996926720 -1895290112 -1891575296 -1891574784 -1895200512 -1895182080 -1894945024 -1891230208 -1891230208 -1891231232 -1894828800 -1894832640 -1894946816 -1894946816 -1895172608 -1895188480 -1895199232 -1895221504 -1891596288 │
  │ -1910128896 -1909679360 -1909681408 -1909681408 -1909681408 -1910131712 -1910131712 -1967658240 -1967696640 -1967701504 -1967701504 -1967780608 -1968005888 -1996772096 -1996801536 -1996807680 -1998726912 -1998816512 -1999280640 -1999303680 -1999592448 -1999592448 -2000520448 -2004130816 -2004145408 -1999592448 -1999296000 -1998804480 -1996886784 -1895218688 -1891114496 -1890649344 -1891136256 -1891233536 -1894832640 -1891233536 -1894945024 -1895178752 -1895182080 -1895182080 -1895182080 -1895182336 -1895188480 -1895202816 -1895202816 -1895193600 -1891626496 │
  │ -1910116352 -1910128896 -1910128896 -1910114816 -1910114816 -1910128896 -1910137856 -1910137856 -1967662848 -1967723008 -1967726336 -1967765760 -1967767552 -1967991552 -1996801536 -1996809216 -1996872704 -1998791680 -1999248384 -1999305984 -1999363072 -2000487680 -2000487680 -2000487680 -2000487680 -2000257280 -1999264768 -1997012736 -1996954112 -1967776256 -1895259904 -1891345664 -1891131648 -1889312768 -1891344640 -1894945280 -1895259904 -1952818944 -1952818944 -1895295488 -1952809216 -1952809216 -1952809216 -1952744704 -1952748800 -1952749056 -1952744448 │
  │ -1910116352 -1910130432 -1910128896 -1910128896 -1910128896 -1910128896 -1910137856 -1910137856 -1967662848 -1967662848 -1967723008 -1967724544 -1967763968 -1910177280 -1967991552 -1996772096 -1996801536 -1996815616 -1998791680 -1999248384 -1999248384 -1999262464 -1999291648 -1999305984 -1999305984 -1999262720 -1999258368 -1997009408 -1996897536 -1996656896 -1953268736 -1895252992 -1895180800 -1891346432 -1891348224 -1895259904 -1953274112 -1967663616 -1967677696 -1953274112 -1952822272 -1952812800 -1952812800 -1952757760 -1952757760 -1952758272 -1952758272 │
  │ -1910112768 -1910115840 -1910114816 -1910114816 -1910114816 -1910114816 -1910128896 -1910128896 -1910139392 -1910139392 -1910139392 -1910140928 -1910201344 -1910172416 -1910177280 -1967982080 -1967996416 -1996772096 -1996815616 -1996872704 -1998786048 -1998794240 -1998807808 -1998812416 -1999262720 -1999258368 -1996995584 -1996926720 -1996897536 -1996890624 -1967678720 -1953272320 -1952818432 -1895202816 -1895202816 -1952821760 -1967671040 -1967682048 -1967685376 -1967671040 -1967219712 -1967219712 -1967220992 -1967219200 -1952831232 -1952774912 -1952765440 │
  │ -1895282432 -1895281152 -1895277568 -1895277568 -1895277568 -1895277568 -1895283968 -1910114816 -1895748096 -1895750400 -1910132224 -1910132480 -1910144256 -1910133504 -1910133504 -1910172416 -1967756032 -1967756032 -1967996416 -1996772352 -1996923648 -1996981248 -1996987648 -1998794240 -1998812416 -1998794240 -1996987648 -1996926720 -1996897536 -1996893952 -1967742720 -1967678720 -1953283072 -1952822784 -1952821760 -1967205888 -1967674368 -1967825152 -1967822080 -1967705088 -1967255552 -1967253760 -1967222784 -1967222784 -1967220992 -1952774912 -1952765440 │
  │ -1895168512 -1895157248 -1895269632 -1895269632 -1895269632 -1895269632 -1895281152 -1895284480 -1895748096 -1895750400 -1895750400 -1910129152 -1910130688 -1909669376 -1909669376 -1910133504 -1910162944 -1910172416 -1967756032 -1967982080 -1968010752 -1996774144 -1996923648 -1996987648 -1998794240 -1996995584 -1996987648 -1996926720 -1996954624 -1996893952 -1967778304 -1967739392 -1967679232 -1967678208 -1967655424 -1967223808 -1967705344 -1967821056 -1967821568 -1967821056 -1967255552 -1967254016 -1967220992 -1952831488 -1952815616 -1952765696 -1949150208 │
  │ -1895126016 -1895128064 -1895128064 -1895128064 -1895128064 -1895269632 -1895281152 -1895284480 -1909679616 -1909681408 -1909681408 -1909679616 -1909664256 -1895276288 -1895276288 -1909655040 -1909669376 -1910133504 -1910133504 -1910162944 -1967694592 -1967758592 -1968005888 -1996774144 -1996915968 -1996923392 -1996924416 -1996891904 -1996890624 -1996890624 -1967742720 -1967742720 -1967742720 -1967683072 -1967682048 -1967254784 -1967705344 -1967255552 -1967255552 -1967821568 -1967255552 -1967158528 -1952815616 -1952755456 -1952716800 -1949111808 -1949111296 │
  └                                                                                                                                                                                                                                                                                                                                                                                                                                                                                                                                                                                     ┘


Original file size: 5225
Output file size: 3657.4999999999995
