matrix: 
  ┌                                                                                                                                                                                                                                                                                                                                                                                                                                                                                                                                                                                     ┐
  │ -1914951393 -1926310302 -1930987389 -1938598442 -1943388334 -1966669652 -1627082786 -1784899976 -1757160340 -1730582953 -2016047116 -1967545578 -1945011626 -1963952740 -1989894569 -2040876643 -2065789260 -2079458576 -2147483648 -2114581069 -1868350719 -1872250746 -2093294814 -2078188602 -2147483648 -2073361449 -1999015291 -2098594673 -2120685812 -1934318780 -1772272983 -1583803601 -1674731045 -1784782378 -1794037674 -1904627815 -2098420792 -1948067410 -1916455393 -1922061004 -1932751605 -1929840288 -1922482274 -1914093007 -1914046338 -1912532008 -1911739679 │
  │ -1917376018 -1928781049 -1933457986 -1941083794 -1945866757 -1969236083 -1627102690 -1786626009 -1758951853 -1730896976 -2018031409 -1969302290 -1946863135 -1966137050 -1992415269 -2044126957 -2069392371 -2083381336 -2147483648 -2118242336 -1869908310 -1874156469 -2096818911 -2082332979 -2147483648 -2079363764 -2005556838 -2105787662 -2128252115 -1941472080 -1779262163 -1590163951 -1681220788 -1790622552 -1800122446 -1910750753 -2102287512 -1949992044 -1918774910 -1924541591 -1935281000 -1932355142 -1924963619 -1916597841 -1916557211 -1915040045 -1914265979 │
  │ -1918520251 -1929922363 -1934570059 -1942102928 -1946837724 -1970138655 -1631429498 -1792799818 -1765388268 -1735755745 -2017591156 -1968814353 -1946333530 -1965926002 -1993491708 -2044845975 -2070183793 -2084289912 -2147483648 -2119251178 -1872334358 -1877262805 -2100002542 -2085562437 -2147483648 -2080267495 -2005839428 -2104614780 -2125699452 -1937719238 -1775211602 -1585715511 -1676803321 -1786666396 -1796384127 -1907424893 -2101026836 -1948790717 -1919600884 -1925484499 -1936185578 -1933256343 -1925949469 -1917612858 -1917566466 -1916051719 -1915281101 │
  │ -1920989564 -1932434355 -1937094337 -1944642731 -1949377771 -1972742237 -1631959211 -1794456683 -1767135127 -1736086071 -2018981109 -1970152595 -1947782618 -1967731398 -1996061758 -2047738772 -2073368525 -2087779601 -2147483648 -2121414808 -1872410417 -1877566248 -2101621363 -2087678174 -2147483648 -2083911027 -2010114176 -2109254267 -2130687982 -1942468317 -1779920986 -1590056595 -1681108852 -1790412586 -1800183937 -1911195660 -2102997171 -1949557629 -1921898269 -1927976910 -1938719049 -1935786091 -1928483928 -1920147265 -1920066988 -1918551759 -1917798611 │
  │ -1924122566 -1935919688 -1940421819 -1947656595 -1952059154 -1975766858 -1624760570 -1811017685 -1786054747 -1731461963 -2006975160 -1956500727 -1935518869 -1960523372 -1998890245 -2055945195 -2085546678 -2104023477 -2147483648 -2131237507 -1866504357 -1878169307 -2117635859 -2111251548 -2147483648 -2119745425 -2051444139 -2147483648 -2147483648 -1975701155 -1812954747 -1617700308 -1708494083 -1810285884 -1823177060 -1934320788 -2105330898 -1933245288 -1922271214 -1930770984 -1941754614 -1938710929 -1931572151 -1923702399 -1923556599 -1922048041 -1921539696 │
  │ -1929884036 -1937393424 -1944986433 -1958286654 -1968280366 -1988836240 -1712473601 -1543033496 -1482032529 -1766268552 -2147483648 -2147483648 -2147483648 -2116997143 -2012580585 -1996096543 -1971342358 -1934269515 -2026010014 -2017183523 -1926353955 -1837124113 -1871814332 -1761255443 -1802377557 -1640636827 -1510866353 -1636406123 -1699906215 -1607581764 -1450456232 -1333678616 -1426082656 -1624819690 -1587990992 -1692101909 -2119077818 -2147483648 -1968315548 -1943945454 -1952592787 -1951254529 -1941221767 -1925768317 -1925524744 -1923895559 -1920053174 │
  │ -1952185533 -1958279040 -1968219412 -1985689090 -1999058040 -2019147088 -1718801999 -1361999978 -1283474086 -1722772342 -2147483648 -2147483648 -2147483648 -2147483648 -2040832252 -1986970970 -1938888868 -1879083498 -1876486191 -1932089348 -1872627161 -1728397260 -1678225321 -1523113668 -1574823241 -1385062910 -1247614281 -1399644796 -1504659867 -1476360456 -1329292107 -1256548432 -1343271853 -1574698288 -1507131884 -1600027020 -2105050054 -2147483648 -2008252423 -1971425294 -1979829382 -1979608642 -1968508198 -1948495625 -1946493017 -1944850172 -1939682356 │
  │ -1969035161 -1976604460 -1987616326 -2006635895 -2020574962 -2042815516 -1629029318 -1281092674 -1205695589 -1598517511 -2147483648 -2147483648 -2147483648 -2147483648 -2059993604 -2012642981 -1974993189 -1927492798 -1897343694 -1884329323 -1718420866 -1573429729 -1567400082 -1433156636 -1544502347 -1388759366 -1295487914 -1470459275 -1607531686 -1595777104 -1461434095 -1391668143 -1467515721 -1663488836 -1590218500 -1669636967 -2065513077 -2147483648 -2018762321 -1990621332 -2000768979 -2000840962 -1990323860 -1969705406 -1965044466 -1963484090 -1959136436 │
  │ -2017866164 -2025961437 -2040130214 -2063697185 -2080812407 -2104339042 -1569693353 -1084651845 -1001024326 -1454183637 -2147483648 -2147483648 -2147483648 -2147483648 -2116023633 -2036935386 -1992246173 -1941456273 -1783503681 -1744307956 -1488726235 -1301284049 -1274395360 -1126971093 -1301736373 -1156531131 -1105985078 -1314317132 -1512380855 -1565878226 -1454363432 -1424911563 -1480990229 -1666595926 -1560210809 -1616687086 -1969775108 -2147483648 -2071015650 -2044422631 -2056033735 -2057503401 -2048035381 -2022833173 -2012927688 -2011507581 -2007064021 │
  │ -1957289461 -1963221262 -1979733036 -2010847326 -2032874493 -2058964031 -1387269804  -649205801  -532051799 -1245201408 -2147483648 -2147483648 -2147483648 -2147483648 -2062354831 -1980450990 -1904986469 -1818168530 -1650142974 -1708222650 -1487748224 -1219231509 -1088740596  -887223604 -1125327409  -967100110  -904850538 -1209715216 -1495907203 -1652573689 -1551442317 -1570639776 -1635117084 -1849250589 -1715614884 -1752755710 -2131149083 -2147483648 -2051411506 -1998950641 -2011348758 -2013340066 -1996287335 -1966844876 -1959405486 -1957682329 -1951241078 │
  │ -1889168413 -1893879000 -1918385641 -1965520395 -1998084688 -2029134510  -966969552   269019882   432828701  -635483616 -2147483648 -2147483648 -2147483648 -2147483648 -2011076007 -1876408594 -1760795994 -1635703196 -1225896528 -1318257082  -944272966  -518768234  -256267326    12934601  -425497352  -292871156  -314585564  -786186344 -1283035284 -1674707867 -1636225568 -1783592137 -1815146979 -2018750040 -1798689622 -1765251963 -2032536621 -2147483648 -2029775257 -1956222922 -1972296781 -1977399065 -1954444945 -1913086581 -1898434033 -1896723250 -1888448258 │
  │ -1879083169 -1881492794 -1906275221 -1953760275 -1987476861 -2015443808 -1071652175   275533125   450163029  -740584273 -2147483648 -2147483648 -2147483648 -2147483648 -2001333522 -1832588585 -1693713430 -1544818663 -1092206110 -1287656944 -1039685310  -586290123  -230520361    84122734  -292851585  -108540331   -83191667  -536388854 -1018841232 -1427920740 -1384271113 -1555811853 -1591858001 -1849468754 -1616340340 -1589778700 -2017286147 -2147483648 -2032942375 -1945335766 -1959279928 -1964866593 -1941732380 -1898321703 -1884650597 -1882907159 -1873142818 │
  │ -1922671251 -1934375084 -1958304923 -2001205326 -2029055601 -2065015177  -775621284    96190749   211934630  -402429278 -2147483648 -2147483648 -2147483648 -2147483648 -2040133847 -1961818174 -1919234542 -1875814295 -1475293388 -1239734683  -495575871  -171882974  -186120677   -57409002  -624586864  -631552533  -803160621 -1255686077 -1753430192 -2071699013 -2058453597 -2145174251 -2142249523 -2147483648 -1996337509 -1943120877 -1785640653 -2085949217 -2001126433 -1982141439 -2003033116 -2007673216 -1992462934 -1956481475 -1933896534 -1932668633 -1929429923 │
  │ -1820243235 -1833420436 -1855382161 -1896157505 -1921464231 -1959644268  -599094235   114889172   218080629  -267152911 -2094366448 -2147391946 -2147483648 -2087446062 -1931284406 -1907549014 -1889197093 -1867971022 -1580728189 -1268087070  -450650180  -169780749  -275365438  -197144220  -803420668  -863349138 -1063613293 -1529235516 -2020901562 -2147483648 -2147483648 -2147483648 -2147483648 -2147483648 -2147483648 -2119674901 -1803949310 -1960904178 -1888510858 -1879905821 -1902040005 -1905510927 -1888914967 -1857571727 -1837389518 -1836124554 -1834316686 │
  │ -1842167131 -1859036084 -1880809254 -1918675792 -1941270361 -1981004789  -531032618   -12663933    61828074  -166473631 -1875039651 -1930082219 -1950658219 -1948357924 -1950274788 -1944355390 -1964796512 -1988616528 -1675725897 -1186982327  -176916171    47046315  -202075310  -197884234  -858685006  -987607667 -1268589389 -1706762116 -2147483648 -2147483648 -2147483648 -2147483648 -2147483648 -2147483648 -2147483648 -2129582770 -1605834520 -1631037423 -1872628909 -1895519361 -1919818023 -1923304597 -1912505022 -1883697302 -1858091448 -1857171629 -1858124593 │
  │ -1846643401 -1863513706 -1885336764 -1923149974 -1945752707 -1985352045  -539745853   -20138732    54070843  -173233459 -1875160514 -1930982438 -1951575094 -1949685789 -1954855435 -1946680201 -1966919810 -1990790301 -1672442581 -1183783789  -174372455    49672978  -198389121  -193596539  -852311526  -979911014 -1260789768 -1696568895 -2147483648 -2147483648 -2147483648 -2147483648 -2147483648 -2147483648 -2147483648 -2118409587 -1598825960 -1627549463 -1876515335 -1899686804 -1923936524 -1927470797 -1916919212 -1887998861 -1862182609 -1861274081 -1862225006 │
  │ -1846836254 -1863769930 -1885685575 -1923434424 -1946025748 -1985470385  -541168016   -21841524    51455445  -169907380 -1864307440 -1921571931 -1942774221 -1942554728 -1954989598 -1944099398 -1964836969 -1989725346 -1661925927 -1169268529  -155076899    68510263  -180756945  -176885248  -835626108  -963916970 -1247629992 -1680537043 -2147483648 -2147483648 -2147483648 -2147483648 -2147483648 -2147483648 -2147483648 -2099894459 -1578380449 -1609564650 -1875246526 -1899473744 -1923716964 -1927337218 -1917228011 -1888189331 -1861924180 -1861043124 -1862058060 │
  │ -1841370000 -1858276388 -1880217157 -1918107082 -1940767794 -1980294334  -531157718    -8489074    65300504  -159496694 -1862690972 -1919935624 -1941156774 -1940153141 -1949496454 -1939407982 -1959898325 -1984420261 -1657654248 -1165585916  -150368394    74383620  -174104588  -170028482  -831277142  -960548307 -1244964215 -1680347021 -2147483648 -2147483648 -2147483648 -2147483648 -2147483648 -2147483648 -2147483648 -2103861434 -1579113522 -1610250327 -1870485740 -1894365166 -1918647701 -1922267710 -1911979655 -1882924966 -1856729787 -1855844085 -1856845295 │
  │ -1804255976 -1820734262 -1839571420 -1872713603 -1892123293 -1930188001  -608626346  -227147764  -162754443  -319107481 -1834621318 -1870441514 -1887747007 -1895235480 -1905366471 -1923903746 -1952047790 -1980983489 -1773881560 -1304337102  -376491919  -195819364  -467078588  -476838299 -1071465408 -1189017430 -1431546071 -1828498910 -2147483648 -2147483648 -2147483648 -2147483648 -2147483648 -2147483648 -2147483648 -2141757909 -1663699624 -1622353518 -1828050924 -1851547158 -1874328528 -1876611875 -1865810801 -1841236163 -1819863437 -1818859994 -1820012182 │
  │ -1763909815 -1779960687 -1796969801 -1826934153 -1844298854 -1880723829  -654518393  -353762524  -296425256  -407874258 -1785185685 -1810909717 -1826283237 -1839985663 -1859834562 -1888704071 -1920664072 -1952347277 -1799280067 -1346160969  -476861030  -322957885  -602015233  -618968517 -1165948917 -1274116461 -1492197447 -1857264176 -2147483648 -2147483648 -2147483648 -2147483648 -2147483648 -2147483648 -2133121328 -2103060723 -1661611068 -1587996335 -1782657582 -1806715145 -1828278168 -1829926868 -1819647432 -1797629119 -1778590075 -1777571736 -1778830731 │
  │ -1814987185 -1830229639 -1845993398 -1873219512 -1889319764 -1923490076  -833497725  -568489833  -513605858  -624370081 -1846071215 -1865825061 -1874867404 -1886352500 -1909548349 -1929204274 -1956255908 -1982281322 -1852984136 -1447016766  -672637612  -533214177  -789494423  -793314922 -1268037760 -1339853381 -1513912896 -1837490300 -2147483648 -2147483648 -2147483648 -2147483648 -2147483648 -2139297907 -2046920923 -2036668696 -1712674083 -1656388009 -1831927010 -1852453115 -1872322100 -1873612630 -1864352794 -1843219958 -1825982257 -1824917652 -1825676863 │
  │ -1788843359 -1791200667 -1809710772 -1838262664 -1861134287 -1875300335 -1510008977  -587318953  -478094239 -1251145162 -2147483648 -2147483648 -2147483648 -2071009557 -1885853703 -1670195536 -1564081683 -1459598652  -968028759 -1131281065 -1055439376  -755317464  -470123580  -212058451  -317176570   -84904875    -7394637  -186758510  -423062504  -624039319  -559391358  -667283669  -686232901  -956517114  -772582865  -796175179 -1416603544 -2038264380 -1867860339 -1816607052 -1823743447 -1828876819 -1823659905 -1788778146 -1772236953 -1771273421 -1763837745 │
  │ -1913345640 -1915679006 -1941725070 -1976544879 -2005592518 -2015345832 -1616433615  -362327075  -248039459 -1118250373 -2098593934 -2147483648 -2147483648 -2083024367 -2022839465 -1657235644 -1525625804 -1412573443  -459941814  -602744303  -413357844   -25382559   365249005   675251746   538248448   799650302   800868061   653623564   345236336    17961934    24178482  -201460380  -153145008  -438903665  -160854024  -139959248  -837917565 -1753668555 -1979258170 -1938831531 -1945980399 -1955759348 -1961968892 -1914577903 -1880585491 -1880394370 -1872554914 │
  │ -1916833661 -1918690191 -1944135803 -1976552244 -2004525003 -2011627884 -1720813704  -493188088  -385266851 -1227823376 -2058935356 -2147483648 -2147483648 -2050161407 -2023729598 -1639685441 -1506640945 -1394029402  -415426260  -576754328  -437873933   -62828857   341345819   655790390   571268858   853579748   872424606   768885063   497241077   193824346   204149470   -19733045    30901656  -271156115     5362216    17623139  -750647009 -1689953351 -1974944347 -1936612905 -1942354916 -1952281711 -1961243545 -1914185195 -1879576547 -1879496385 -1871609901 │
  │ -1921183945 -1926583485 -1951248341 -1979309257 -2003726671 -2011293632 -1677910852  -676444743  -601493554 -1161650947 -1800749614 -1956684340 -1939947323 -1875537097 -2022843695 -1654773626 -1562212106 -1496823341  -496440762  -484961806  -173890649   133116757   391625760   628924789   512103508   729910801   674787863   618075477   374474327   129177274   126034110   -64487677     9406176  -213051596    46355680    64719433  -513024694 -1315384066 -1937152373 -1931988580 -1939291317 -1949141913 -1964926303 -1921193623 -1881356792 -1881665131 -1876649324 │
  │ -2069855944 -2079292657 -2099799502 -2114069910 -2129612626 -2132529472 -2057402749 -1515998732 -1501900538 -1589650735 -1530798333 -1674467013 -1673449111 -1711258239 -2147483648 -1793667076 -1756515468 -1756251135  -769573477  -582310347  -210780927   -51201206    19743854   161211467   165587373   365452615   293043002   415949945   336198449   283228034   302139035   202121630   290365912   114145093   324930648   305233900  -243587356  -864080989 -2010631399 -2052607749 -2058463514 -2067386388 -2097259267 -2060934134 -2016387543 -2017237799 -2015790774 │
  │ -1974275652 -1990315134 -2010640178 -2019125511 -2029355946 -2033584436 -1791465693 -1607115443 -1651948738 -1233754770  -933330436 -1089501535 -1128510175 -1284036599 -2054057934 -1711395073 -1748876082 -1837625831  -754551333  -223823118   529098083   581532148   386162245   380422021   273635179   328041256    80597984   264133476   195676701   203778285   174546291   109318072   255528375   253314820   446187747   459446899   346306183   -37587940 -1838756312 -1944203796 -1953735926 -1963206376 -2005790251 -1974356252 -1917805829 -1919507327 -1923657024 │
  │ -1971722349 -1986651665 -2007644181 -2018023212 -2029770883 -2033805127 -1793989513 -1518631286 -1552322280 -1230617557 -1007364611 -1167049304 -1200874512 -1335458154 -2053757430 -1700131729 -1723649893 -1797029818  -699269198  -220689661   487896053   567437413   422663683   443299576   340178469   413962575   183905978   350411024   265966022   246382426   217427122   134895909   277300299   251300320   454486889   469334776   300039404  -139982951 -1849550370 -1944891874 -1954032810 -1963757952 -2004530444 -1971418237 -1915691209 -1917304288 -1920538874 │
  │ -1916044218 -1935340894 -1952886329 -1954998492 -1959939066 -1964864818 -1711995582 -1834471590 -1914845507 -1188139082  -652181548  -792074819  -847620345 -1068222174 -1985880911 -1691530428 -1774795483 -1912435437  -911298398  -219809279   664455632   625893986   266096388   171497562    50189690    35352204  -265615474   -34435871   -51176613    45998595    15392507     8899876   163908170   243870882   396845049   405903357   492960377   310080840 -1740475864 -1876543439 -1887211900 -1895556051 -1942735958 -1917837729 -1860211566 -1862156715 -1869266024 │
  │ -1910761339 -1928504997 -1946720989 -1950938938 -1957655923 -1962059885 -1727142746 -1737331180 -1803670417 -1201054515  -747925196  -891397468  -939618960 -1132876083 -1983043430 -1674476350 -1739294350 -1856511725  -841265093  -222662611   593187046   587622892   295504478   235910555   127051332   140434232  -133357497    80056864    48079623   113682984    85143358    57952221   206830049   252987214   417773596   426952519   430820418   175199739 -1752355125 -1874909561 -1884867817 -1893482486 -1938366814 -1911501971 -1855242497 -1857068237 -1862949769 │
  │ -1793136878 -1811415638 -1825167064 -1820240441 -1820719465 -1821371667 -1781404670 -2072484271 -2147483648 -1337236450  -486245435  -608539639  -661578981  -898225138 -1850358946 -1571340690 -1663100097 -1808221333  -898535514  -238203303   525500771   429292980    55357525   -56420021   -74483451   -72040204  -327838401   -20972960    54087798   231167201   217902929   247141096   390896825   459992618   578527487   563693449   579527975   456784218 -1603941270 -1743130094 -1750971062 -1758197069 -1807518489 -1787974134 -1734419415 -1736417414 -1743889070 │
  │ -1939317810 -1959395695 -1973815614 -1968638381 -1968901677 -1970972286 -1893635428 -2147483648 -2147483648 -1432327362  -550263444  -674975624  -732337525  -988400987 -2001270994 -1718926782 -1821972826 -1980781726 -1045648091  -322019766   515759997   406470809   -16256510  -144840802  -179352657  -186869641  -463846102  -147877813   -71434345   126081514   116145742   159354741   308322186   390795764   510874860   493174656   542564952   446882195 -1737236661 -1887039870 -1896064051 -1903412414 -1955030931 -1934899155 -1878546721 -1880606584 -1888803329 │
  │ -1874629826 -1895838948 -1909067132 -1900638950 -1898437225 -1899662305 -1843033032 -2147483648 -2147483648 -1386749837  -367529920  -489204918  -554647272  -840663054 -1930379193 -1659936103 -1781946375 -1962339963 -1037628929  -247937248   638992575   489564000     3717713  -162732218  -193954674  -229931956  -532544993  -183829843   -79648659   153492680   137810409   199273711   357194216   475923468   581365038   564400927   693544802   670395573 -1652518367 -1816828666 -1825876105 -1832978973 -1887755262 -1870368698 -1812774883 -1815027718 -1824559189 │
  │ -1929509216 -1948410917 -1963239959 -1959342359 -1960763534 -1962185860 -1907082494 -2147483648 -2147483648 -1444417123  -608624721  -736179575  -788301902 -1025335850 -1992744255 -1698818790 -1788596871 -1932905888  -985344295  -315498292   468935994   382020148     9025892   -94454096  -115794870  -101954448  -358469512   -51426813    17165462   193596230   184956246   213075429   358121908   415710097   544020908   526068870   511660280   362235808 -1739009657 -1879358153 -1887734565 -1895292706 -1945511031 -1924045002 -1868626930 -1870615037 -1877939570 │
  │ -2000298086 -2016249036 -2031327560 -2030673725 -2034877741 -2036362023 -2040932911 -2130846156 -2147483648 -1621689286  -927845965 -1048501789 -1081327432 -1261236470 -2070011127 -1767773535 -1822211662 -1923875201 -1028627866  -518514400    93658343    60195598  -189657269  -222821753  -199621880  -117886851  -292094846   -21895965    35431814   181260492   197174332   210624686   326398926   301363339   438527693   404640416   188739472   -69299330 -1847591150 -1957239800 -1964199679 -1971441893 -2015069724 -1991075678 -1941485534 -1943029700 -1947662443 │
  │ -2002206602 -2018442681 -2033782323 -2033127408 -2037335987 -2038757822 -2034279115 -2127470250 -2147483648 -1603072746  -902589946 -1026309714 -1061091652 -1245780186 -2071991334 -1765710370 -1822387343 -1927450590 -1012588569  -487266409   145164025   110383437  -147120128  -184600759  -167508358   -90855636  -275008320    -1544820    53503021   197490319   209493482   220451740   340867369   322518055   462201698   431184128   230935911   -27211357 -1845935605 -1958580229 -1965710607 -1973133052 -2017659689 -1993426049 -1942738081 -1944342312 -1949192598 │
  │ -2073445237 -2088238177 -2105106003 -2108546084 -2115856984 -2118238792 -2086767115 -2017830132 -2063903052 -1646686104 -1118714802 -1246996656 -1272016784 -1419423770 -2147483648 -1828671097 -1861608026 -1939842043 -1007803729  -564406889     8310568    24233739  -153615656  -144054737  -132276423   -21170519  -175114941    57502938    76813968   174147107   191837387   178250864   288563132   226257397   384907520   354137301    57490204  -292909200 -1942016986 -2036739632 -2043824283 -2051599895 -2092284596 -2064586864 -2015303238 -2016680179 -2019882701 │
  │ -2053769161 -2066823425 -2084535792 -2091311577 -2101033818 -2103867639 -2052566654 -1844488159 -1871221027 -1613261989 -1243457769 -1373365782 -1389961017 -1501898502 -2134378700 -1806201866 -1817904618 -1871370199  -943483008  -582218178   -75842316   -16887165  -119912365   -71130799   -64457479    71220129   -55373600   137579083   125408684   177136590   196403187   159150416   259800509   164058568   335301015   307564722   -58426433  -480609306 -1946633658 -2023831611 -2030579197 -2038517959 -2075045620 -2045184853 -1998250144 -1999424582 -2001172486 │
  │ -1967939870 -1979358655 -1996932303 -2004257765 -2014614122 -2015934813 -2009010286 -1733388279 -1752423282 -1575460273 -1227746848 -1359175196 -1370843393 -1463483752 -2046325329 -1709878240 -1708350300 -1747155347  -817066295  -518937709   -84000283    -7259155   -55804938    15675986    43758106   198096935    93983781   283471622   270133593   301134812   318598870   264548935   361823956   244622646   420211306   393705058   -31009947  -501508210 -1872383124 -1939553743 -1945150823 -1953213910 -1988306774 -1957992024 -1912721798 -1913854247 -1914769542 │
  │ -1826477682 -1827520986 -1843239221 -1856700438 -1872618760 -1870747966 -2118229869 -1399831507 -1341347144 -1845732908 -1813018277 -1916521763 -1874639980 -1802848767 -1907679519 -1569003377 -1468000418 -1384942309  -665470973  -861450165  -993331696  -785583094  -467407314  -208647961   -23539415   308228965   446905802   548982804   530267292   475945255   550471457   450049797   464325156   130033473   311126938   245878632  -717543627 -1461536786 -1839863275 -1816557966 -1816078599 -1822714522 -1838210066 -1804923873 -1780050732 -1780016468 -1773468183 │
  │ -1878471444 -1879365390 -1896798588 -1912164533 -1929795861 -1927420881 -2147483648 -1355933934 -1292702294 -1843896617 -1852525415 -1970630340 -1928610550 -1850465844 -1963893533 -1594443098 -1484888973 -1395900643  -587829755  -792049350  -910664094  -678062381  -328523707   -51975812   126089498   470005526   600037768   701058614   662976117   578878859   644715614   519574430   544168803   198561697   400529976   342705742  -653747977 -1467662374 -1893404740 -1869263829 -1868857084 -1876408237 -1893400791 -1857102340 -1829146123 -1829208801 -1822304601 │
  │ -1915369831 -1915388953 -1933248271 -1952922916 -1972971558 -1974324891 -2106836055 -1199157074 -1112787551 -1820393851 -2084927724 -2147483648 -2140246847 -2025606674 -2007061786 -1665798744 -1541371677 -1430254230  -711900808  -976569713 -1128171041  -857330108  -468407225  -163890387   -25870183   326301615   482728817   507978833   423090623   302752776   381017155   254679219   256353136  -111902211    90582981    31608512  -979386245 -1801337503 -1960448096 -1917086257 -1917744754 -1924637974 -1934035850 -1896744466 -1873682371 -1873318666 -1865090878 │
  │ -2035725472 -2039808041 -2058946091 -2080748150 -2100898065 -2108544892 -1991683280 -1185512874 -1108924785 -1671109761 -2092209718 -2147483648 -2147483648 -2081495670 -2133732785 -1831337950 -1738156452 -1659989139  -958889294 -1055038119  -971042030  -719786353  -465671036  -219806511  -206769201    68476324   140352058   115181108   -22376999  -141293051   -73751719  -175359086  -162873731  -452721899  -254435007  -297396506 -1062023818 -1752832973 -2064447836 -2041758625 -2046729969 -2053404962 -2062873964 -2026067199 -1999364600 -1999029153 -1992847364 │
  │ -2128048374 -2144263582 -2147483648 -2147483648 -2147483648 -2147483648 -1609232754 -1390196776 -1384702260 -1231988162 -1607333923 -1695929540 -1714863311 -1800136432 -2147483648 -2040591997 -2069542758 -2124360867 -1497017332 -1038258270  -301747818  -207671209  -428403597  -417781154  -667727498  -640120288  -823407763  -866792759 -1039900933 -1052121092 -1022294793 -1015696186  -955780536  -973070579  -826430670  -833790955  -837181356 -1032974240 -2064654740 -2127930428 -2142436997 -2147483648 -2147483648 -2138332803 -2100383868 -2100635829 -2102681884 │
  │ -2088245073 -2102998576 -2116314152 -2130260912 -2140489698 -2147483648 -1634881449 -1567229083 -1552245853 -1445368386 -1811933547 -1845753253 -1848761053 -1909375077 -2147483648 -2090295099 -2119498380 -2147483648 -1870435781 -1506483564  -942274585  -885952799 -1117720823 -1107687441 -1302007996 -1256131944 -1342372839 -1415853214 -1536103834 -1469373580 -1385501389 -1303395223 -1303957133 -1355109614 -1269441900 -1317856858 -1383287717 -1433830935 -2050324218 -2091808171 -2105344908 -2107442611 -2115371589 -2094884181 -2071632726 -2071155486 -2072160631 │
  │ -1944681684 -1942088274 -1948301906 -1949870275 -1958349767 -1953106040 -2147483648 -2147483648 -2147483648 -2147483648 -2147483648 -2147483648 -2147483648 -2063600751 -2015739443 -1760053780 -1648388816 -1536104918 -1269033926 -1694368309 -2147483648 -2147483648 -1804337379 -1513959932 -1060078681  -606736783  -235714082   -45266835   138140846   293162125   482077257   513613471   430352228   -38810350    45880965  -123607409 -1483998460 -2101756070 -1978614421 -1922904765 -1916635426 -1918423303 -1925457773 -1903336637 -1899953709 -1898975081 -1890010232 │
  │ -1933945629 -1933043762 -1937495447 -1935799801 -1941454256 -1937237713 -2147483648 -2147483648 -2147483648 -2147483648 -2119462084 -2129499536 -2059313502 -1988813474 -2000525162 -1779394272 -1691363387 -1602753060 -1410728890 -1759276420 -2147483648 -2147483648 -1947634946 -1702502759 -1255644663  -836288698  -484362677  -276460429   -64999680   142589006   337092307   407025921   321788392  -108803801   -49614067  -225489065 -1487214749 -1987131593 -1950304802 -1908171824 -1902615561 -1903500419 -1911693155 -1893406737 -1890786689 -1889843510 -1882283985 │
  │ -1920214144 -1921496382 -1923634853 -1917476695 -1919362994 -1916222835 -2147483648 -2147483648 -2147483648 -2147483648 -1984345264 -1977175779 -1915984386 -1886466665 -1980733178 -1802269323 -1745055345 -1687627396 -1588263891 -1837046681 -2147483648 -2147483648 -2130475680 -1944197211 -1502305400 -1125759851  -798193271  -563167242  -312141460   -34336899   167308584   286931718   199912244  -181293454  -155056543  -339663282 -1477897515 -1827027839 -1912606644 -1888652475 -1883910051 -1883658081 -1893718359 -1880414939 -1878597554 -1877718118 -1872005029 │
  │ -1912883376 -1914092295 -1916042684 -1909603376 -1911303369 -1908003148 -2147483648 -2147483648 -2147483648 -2147483648 -1978249527 -1970003478 -1908561020 -1879208689 -1972812084 -1795682825 -1738646770 -1681221131 -1588039028 -1839464857 -2147483648 -2147483648 -2141739423 -1955920586 -1509659359 -1132292214  -802139324  -564681002  -309931616   -28930304   173651986   294924270   207005530  -174938446  -150446768  -336153274 -1477675495 -1823819284 -1905125835 -1880994115 -1876124160 -1875805200 -1885837571 -1872797875 -1871275388 -1870392122 -1864676613 │
  │ -1905989232 -1909224211 -1909823323 -1901101915 -1900443858 -1899175278 -2147483648 -2147483648 -2147483648 -2147483648 -1886508730 -1865396978 -1812255626 -1813643598 -1962694038 -1824442398 -1792488401 -1760088095 -1740235437 -1900305732 -2147483648 -2147483648 -2147483648 -2117181961 -1701314601 -1367964922 -1068635269  -829026022  -561953441  -238943032   -34250262   123139836    34769415  -299570820  -298212610  -485563115 -1495051744 -1716065358 -1881946423 -1872038911 -1868521425 -1867351389 -1877957624 -1868414338 -1867270685 -1866410136 -1862213403 │
  │ -1904366684 -1907574178 -1908091535 -1899253995 -1898519079 -1897199803 -2147483648 -2147483648 -2147483648 -2147483648 -1885930654 -1864267646 -1810965839 -1812362301 -1960875935 -1823292883 -1791395784 -1758949525 -1742240811 -1903569158 -2147483648 -2147483648 -2147483648 -2124557757 -1706736408 -1372864600 -1072182449  -831634305  -562916890  -238336081   -33040538   125252858    36345617  -298527114  -297968695  -485935750 -1497312074 -1716940173 -1880316035 -1870287148 -1866719666 -1865515586 -1876090572 -1866657881 -1865658939 -1864794577 -1860592398 │
  │ -1897329291 -1902671002 -1902777450 -1895589719 -1894513555 -1898768773 -2147483648 -2147483648 -2147483648 -2147483648 -1893818657 -1855657345 -1809522708 -1823910446 -1955130288 -1878764953 -1867522905 -1852059320 -1947606394 -2019657891 -2147483648 -2147483648 -2147483648 -2147483648 -1939274857 -1666989371 -1408808537 -1232388498 -1005091120  -679168059  -474681033  -287383994  -383798445  -662147873  -679994446  -859310668 -1675160054 -1759359929 -1874140051 -1870280204 -1869732383 -1867482579 -1873838882 -1866908009 -1867945302 -1866889076 -1863811246 │
  │ -1894798529 -1900223253 -1901061824 -1897193187 -1897790902 -1905122136 -2147483648 -2147483648 -2147483648 -2147483648 -1979200828 -1937201447 -1890000231 -1889073485 -1956318807 -1900603860 -1885753543 -1863405265 -1996875625 -2071190905 -2147483648 -2147483648 -2147483648 -2147483648 -1981519802 -1724623403 -1475708888 -1356592984 -1174817877  -882790125  -680322579  -498126329  -601239983  -871771608  -886460408 -1057300268 -1817833266 -1890487654 -1886524282 -1875595202 -1876473151 -1874011857 -1876131464 -1868470913 -1871111107 -1869863258 -1866448007 │
  │ -1902521543 -1911016323 -1913399493 -1916325173 -1919253714 -1936661883 -1883575434 -2049179632 -2021502478 -2050145640 -2059549136 -2004484899 -1968007893 -1969655277 -1971781785 -1995077796 -2000970759 -1994076346 -2147483648 -2147483648 -2147483648 -2147483648 -2147483648 -2147483648 -2147483648 -2029391249 -1863943079 -1886368812 -1821823765 -1585510992 -1397304184 -1201472293 -1309228425 -1494961245 -1514949166 -1656690410 -2100387420 -2025422871 -1907925083 -1900634289 -1907179879 -1903900313 -1897973323 -1890800590 -1894671526 -1893107547 -1890866688 │
  │ -1896468561 -1903846308 -1905353021 -1905249399 -1906952489 -1920508140 -2026890263 -2147483648 -2147483648 -2147483648 -2023314351 -1971056718 -1930540965 -1933072553 -1962129820 -1959192730 -1958794581 -1947364153 -2147483648 -2147483648 -2147483648 -2147483648 -2147483648 -2147483648 -2136488030 -1940604099 -1741518203 -1707254200 -1592884265 -1328587308 -1133139247  -937947733 -1045379736 -1262207688 -1283579354 -1438218164 -2000412147 -1970939041 -1895638081 -1887498438 -1891833512 -1888728342 -1885835363 -1878958402 -1882746904 -1881294666 -1878679913 │
  │ -1904058939 -1913121719 -1914440871 -1912723544 -1913019419 -1927084878 -2000920148 -2147483648 -2147483648 -2147483648 -1914753471 -1863279524 -1831407946 -1862440656 -1967961972 -1972689058 -1990552470 -2000398642 -2147483648 -2114974936 -2100147223 -2147483648 -2147483648 -2147483648 -2147483648 -1997246824 -1834351735 -1783611875 -1661531985 -1374599009 -1186008016  -976826098 -1073410376 -1252800922 -1280676275 -1431330356 -1900731295 -1809666157 -1884857767 -1891650094 -1896874775 -1893765926 -1893772637 -1888199126 -1889483913 -1888200718 -1886885117 │
  │ -1896889797 -1905637237 -1907115251 -1905639651 -1906215161 -1919879059 -2003734593 -2147483648 -2147483648 -2147483648 -1917191051 -1867738783 -1834896864 -1861963668 -1960871616 -1959905002 -1974377727 -1980940828 -2147483648 -2096769109 -2094731002 -2145549615 -2147483648 -2147483648 -2126281180 -1955817936 -1789203113 -1737724089 -1616809751 -1336008254 -1148441417  -944896102 -1040885079 -1226136273 -1250858047 -1400849669 -1887351898 -1813798332 -1879657221 -1884641941 -1889629516 -1886652328 -1886670024 -1880666500 -1881865621 -1880588737 -1879080232 │
  │ -1921064274 -1932355602 -1936533971 -1943799735 -1948267630 -1971887827 -1639232270 -1814614413 -1786109068 -1761618104 -2044318026 -1990227066 -1966117182 -1983244908 -1995769404 -2056206026 -2081522951 -2094155183 -2147483648 -2147483648 -1939517169 -1947780561 -2147483648 -2147483648 -2147483648 -2144669709 -2060655729 -2147483648 -2147483648 -1983280321 -1815119305 -1618010881 -1715159799 -1828804901 -1844230054 -1959505772 -2147483648 -1994136795 -1924685528 -1928431868 -1939073369 -1935821121 -1927483521 -1919806645 -1921159064 -1919569439 -1918689315 │
  │ -1913818893 -1925116974 -1929205590 -1936060753 -1940299280 -1963533881 -1642772939 -1826365935 -1799656491 -1763976723 -2023503983 -1970106202 -1946522292 -1966125184 -1987797454 -2046099259 -2072310568 -2086336558 -2147483648 -2147483648 -1924713030 -1936204007 -2147483648 -2147483648 -2147483648 -2131492453 -2048289679 -2143713006 -2147483648 -1956181065 -1788809569 -1591598035 -1687235722 -1799838262 -1815667797 -1931124292 -2133059977 -1966914836 -1915274537 -1920255174 -1930744715 -1927530505 -1919760312 -1912223616 -1913306394 -1911749001 -1910952668 │
  │ -1910980469 -1922224059 -1926518969 -1933375282 -1937719328 -1960524285 -1647019164 -1821407486 -1795286093 -1759395200 -2008530087 -1958206903 -1935062265 -1955335427 -1984897779 -2036444081 -2061815514 -2075829886 -2147483648 -2124851589 -1894080824 -1903742198 -2124900589 -2110409033 -2147483648 -2088575470 -2007708131 -2098266637 -2109599446 -1913788115 -1748972213 -1556399396 -1648938226 -1762238117 -1774864064 -1888831104 -2096314904 -1942036959 -1911137306 -1916854439 -1927216232 -1924190416 -1917095740 -1909187358 -1909564323 -1908050983 -1907259534 │
  │ -1914095680 -1925371552 -1929942610 -1937180923 -1941799143 -1964674515 -1641695849 -1803730566 -1776935219 -1746380595 -2009308157 -1961078739 -1938307283 -1958016561 -1988586175 -2037011531 -2061689041 -2075373473 -2147483648 -2110470301 -1872419496 -1878340957 -2097222093 -2081454135 -2147483648 -2065444610 -1988256011 -2081305925 -2097750389 -1907742454 -1745051771 -1556258180 -1646932754 -1759445083 -1769075478 -1880988836 -2085357237 -1938279276 -1914499256 -1920356333 -1930826542 -1927930899 -1920962810 -1912647323 -1912546051 -1911047463 -1910245689 │
  │ -1932332473 -1943710655 -1948601503 -1956338747 -1961303497 -1984468088 -1648341165 -1797568865 -1769557849 -1746492517 -2028686581 -1982058878 -1959349591 -1978097397 -2008054699 -2054007316 -2077926967 -2091038863 -2147483648 -2114482110 -1867966566 -1869592327 -2087130822 -2069488047 -2145479591 -2059424299 -1984908827 -2082156637 -2104479171 -1919394425 -1757428700 -1571071530 -1660872940 -1773863284 -1780511169 -1891236861 -2094546193 -1953939637 -1933417573 -1939175231 -1949844651 -1947050441 -1940055120 -1931247898 -1930730664 -1929229756 -1928390717 │
  │ -1932442947 -1943842276 -1948748227 -1956608342 -1961623158 -1984946430 -1643169041 -1791420100 -1763002564 -1741766319 -2032216742 -1985238630 -1962531047 -1980846859 -2008306156 -2055613615 -2079594523 -2092604722 -2147483648 -2118165488 -1869580867 -1870604198 -2088886635 -2071439137 -2147483648 -2065034955 -1991060245 -2090844488 -2114990983 -1930902519 -1768915528 -1582351297 -1672535973 -1784837005 -1791618138 -1902055048 -2101927220 -1959550524 -1934070531 -1939616255 -1950360168 -1947545022 -1940356016 -1931554130 -1931127459 -1929617258 -1928775097 │
  │ -1923950928 -1935511931 -1940444980 -1948467049 -1953480034 -1977146428 -1618473510 -1771300005 -1743269811 -1715509016 -2020497391 -1973179929 -1951467261 -1971265426 -1999683291 -2050587456 -2076280376 -2090974528 -2147483648 -2111276872 -1849611764 -1851393590 -2076628683 -2062971875 -2147483648 -2071618885 -2003306410 -2107755054 -2136277277 -1954157377 -1793846142 -1606791945 -1696237050 -1802512349 -1809881734 -1918399237 -2099191086 -1947919988 -1925215042 -1931644660 -1942621918 -1939782257 -1932429163 -1923764620 -1923275524 -1921767271 -1921045287 │
  │ -1915293708 -1926773421 -1931704117 -1939960944 -1945085288 -1968917159 -1603241717 -1750448452 -1721258598 -1701688648 -2022576544 -1974661408 -1952674534 -1970468885 -1990994250 -2044055860 -2069052722 -2082653969 -2147483648 -2111363878 -1850906367 -1850641884 -2073705193 -2059136665 -2147483648 -2072056958 -2003358661 -2112558645 -2144335787 -1965420336 -1805363660 -1619082125 -1709395825 -1815496105 -1822994399 -1930789274 -2108381433 -1956561314 -1918283239 -1923680948 -1934705691 -1931832116 -1924028288 -1915382737 -1915192783 -1913666207 -1912889655 │
  │ -1908785067 -1920232338 -1925165320 -1933509440 -1938670499 -1962544285 -1593637888 -1738699199 -1709186947 -1692008247 -2019062701 -1971077704 -1949123959 -1966328145 -1984359328 -2038194824 -2063027087 -2076363768 -2147483648 -2106905204 -1846064479 -1845066503 -2067490822 -2052886924 -2145617289 -2068478103 -2000308477 -2111298310 -2144573638 -1967334828 -1807820598 -1622188955 -1712518437 -1817915629 -1825386666 -1932558047 -2107305994 -1955144097 -1912311730 -1917435018 -1928477740 -1925600448 -1917655234 -1909026703 -1908913687 -1907384323 -1906599839 │
  │ -1907532168 -1919014909 -1924018749 -1932419504 -1937618491 -1961486443 -1589758280 -1733363238 -1704056968 -1685346510 -2013916490 -1966657265 -1945053960 -1962793733 -1983132296 -2036072866 -2061110925 -2074860351 -2147483648 -2098796833 -1834135009 -1832753516 -2055813497 -2041687357 -2136173405 -2060048954 -1993916354 -2104952341 -2139411730 -1963509540 -1804997044 -1620394062 -1709765199 -1813921625 -1820639700 -1926985094 -2098524102 -1947301226 -1910644321 -1916182194 -1927260833 -1924427197 -1916612691 -1907904842 -1907582124 -1906063779 -1905309219 │
  └                                                                                                                                                                                                                                                                                                                                                                                                                                                                                                                                                                                     ┘


